9.090588253688606235e-01
9.220698008832428627e-01
1.048032263812022968e+00
1.106850938237953885e+00
2.228620449054947439e-01
1.102884149045944451e+00
7.849262381157585955e-02
7.169697830679783168e-02
1.004706226647583245e+00
1.045960838884548494e+00
4.300180966389672843e-01
1.072656065436767836e+00
9.717784410310533749e-01
8.510277469664780936e-01
6.866148243426344056e-02
9.644619720418754483e-01
1.119684949845510369e+00
1.075553567609745853e+00
1.058031597256529732e+00
1.069918237280857554e+00
1.082754553706630540e+00
1.077343761939322242e+00
1.092369825215321999e+00
1.096455308467113143e+00
1.097560674816573378e+00
1.072128751422552817e+00
1.013838043634444075e+00
1.066181315973037114e+00
3.614447998004191032e-01
1.029721999099935337e+00
9.147512354161581039e-01
1.021616273096479954e+00
1.007126122668129176e+00
1.055655263422100809e+00
1.062229330724549614e+00
7.084701348549262701e-01
9.578848655914170562e-01
9.930542331970108050e-01
9.659357470051900263e-01
8.564074168541881971e-01
1.017543763809182211e+00
9.658649458432229107e-01
1.013739615580675490e+00
1.044523377026360667e+00
1.032419635465312568e+00
1.043035591469236190e+00
1.008759211606363282e+00
1.061477724587666538e+00
1.054358492016290061e+00
9.892981767029199736e-01
1.103405211262127983e+00
1.092643233686414916e+00
1.099641137106370348e+00
1.100838105673877187e+00
1.103831554529310921e+00
1.104010183453487892e+00
1.105112682498890608e+00
1.113771070325175749e+00
1.037660787769029813e+00
1.114246155710069575e+00
1.108983711515501236e+00
1.107041334547403721e+00
1.069337481764383257e+00
1.088411507875288731e+00
9.133570099889898319e-01
1.028237149368252945e+00
1.118917541477030708e+00
1.113362013225157821e+00
1.101621242635600240e+00
1.110284555741955170e+00
1.101744645911597154e+00
1.047227529586647554e+00
2.939946444475372567e-01
1.099922101211733727e+00
7.888784796642107633e-01
1.083704916968732057e+00
9.725426927448322934e-01
1.027064655062635667e+00
1.056677802791055942e+00
1.052660620375132972e+00
1.002265600096387654e+00
1.058792482238152921e+00
1.050890374336284516e+00
1.079059968528195634e+00
1.043300589643259890e+00
8.840244872316841418e-01
1.097243643514170364e+00
1.004859856524638717e+00
1.108350361554283792e+00
1.110078552024461596e+00
1.113601951230106302e+00
1.108262058984210929e+00
1.123648073713748863e+00
1.113921956142342129e+00
1.118245584892618938e+00
1.120085275486539134e+00
1.118200514160426540e+00
1.116823863184726484e+00
1.120697953828718285e+00
1.125256309586860182e+00
1.121011201684457781e+00
1.124921790116077069e+00
1.124693490766950132e+00
1.117625603727614214e+00
1.119632028508264376e+00
1.127341365417689811e+00
1.118500463345060592e+00
1.127958703403558971e+00
1.120883121405861438e+00
1.124286803768414389e+00
1.118662051952504344e+00
1.123360105770440542e+00
1.117032074189174828e+00
1.121583194138217499e+00
1.126384533205647465e+00
1.125339974660316322e+00
1.124233725622077129e+00
1.121638302618465755e+00
1.117358066341736178e+00
1.119293109251448870e+00
1.116021583512824877e+00
1.117413289489447292e+00
1.124041164478435828e+00
1.119636642229117074e+00
1.123224872046444389e+00
1.115288313788225016e+00
1.124859609345262745e+00
1.126778106184704642e+00
1.122639313225358926e+00
1.122349356661817232e+00
1.127960508952288388e+00
1.121664240854854500e+00
1.119110744265622515e+00
1.127196234513895501e+00
1.120965682213238779e+00
1.120376207314254247e+00
1.116509603378690763e+00
1.118585576587229680e+00
1.125142261541489219e+00
1.129121471410594602e+00
1.120635588800218851e+00
1.122146865367673385e+00
1.117381774604984779e+00
1.126653110157536331e+00
1.118961088561130968e+00
1.117426421025462746e+00
1.126581981405498256e+00
1.119933318052117821e+00
1.122912949772092883e+00
1.125122679662138303e+00
1.131334190850280974e+00
1.125641901413705348e+00
1.123188594520204475e+00
1.127703291245688577e+00
1.125545511680456245e+00
1.131022807221130577e+00
1.125975297657703988e+00
1.127322170962502756e+00
1.123509121300678260e+00
1.121013709276157844e+00
1.123485180081256640e+00
1.125669809437960911e+00
1.130508704813923515e+00
1.120994725228639188e+00
1.123235262824225034e+00
1.124713249513420887e+00
1.123453772548749008e+00
1.120104393455530145e+00
1.122886609497223631e+00
1.123814096553739095e+00
1.130789527698427221e+00
1.118529339680545576e+00
1.125724838450104626e+00
1.121650796747445611e+00
1.121230879625850996e+00
1.129166463259076103e+00
1.129214492611231302e+00
1.118255927994555643e+00
1.116924774366101714e+00
1.123292146167594874e+00
1.126566121953978206e+00
1.123380353560429867e+00
1.131310606804853958e+00
1.124343273930172638e+00
1.117921595888001329e+00
1.125344790481819901e+00
1.122847381568924607e+00
1.123720535221310879e+00
1.120629846484078929e+00
1.119078407267174224e+00
1.127440157811726795e+00
1.119863829322906401e+00
1.122336309954578004e+00
1.121919685283072399e+00
1.124447422937671304e+00
1.120361294458276147e+00
1.118574361883400314e+00
1.119067204103795010e+00
1.125118633965189296e+00
1.116633811869062853e+00
