4.174818987642422144e+03
4.234548095513919179e+03
4.812800320161944910e+03
5.082817502636959034e+03
1.024715332765456196e+03
5.064607278561821659e+03
3.619628192177697770e+02
3.307662465270701091e+02
4.613904738152838036e+03
4.803291089835282946e+03
1.975700610275559939e+03
4.925840091993423812e+03
4.462744107892239299e+03
3.908417399386127272e+03
3.168312836786907383e+02
4.429156605939752808e+03
5.141734227434759305e+03
4.939141571168171140e+03
4.858703970144977575e+03
4.913271623697006362e+03
4.972198929156935264e+03
4.947359764347000237e+03
5.016339477152088875e+03
5.035094586604388496e+03
5.040168959840388197e+03
4.923419366844692377e+03
4.655825905498672910e+03
4.896116647449807715e+03
1.660903165653031465e+03
4.728743919092323267e+03
4.200950969321120283e+03
4.691533197859160282e+03
4.625013684618014850e+03
4.847795003343957433e+03
4.877974383408764879e+03
3.253982304776838191e+03
4.398963274146337426e+03
4.560414269820321351e+03
4.435922221912576788e+03
3.933113693886173678e+03
4.672837647609312626e+03
4.435597197072134804e+03
4.655374054687438729e+03
4.796692175380792833e+03
4.741127880101825212e+03
4.789862241381385502e+03
4.632510658634121683e+03
4.874524006918765735e+03
4.841841952468046657e+03
4.543171450228584945e+03
5.066999303762682757e+03
5.017594605489302012e+03
5.049719677724109715e+03
5.055214566605298387e+03
5.068956505431973710e+03
5.069776532052525909e+03
5.074837742438963687e+03
5.114585552270576045e+03
4.765188285947153418e+03
5.116766512965731636e+03
5.092608363054708207e+03
5.083691549451734318e+03
4.910605566194083622e+03
4.998168144562067937e+03
4.194550539096309876e+03
4.721927462501609625e+03
5.138211308098561858e+03
5.112707705707452078e+03
5.058809690738244171e+03
5.098580110910200347e+03
5.059376194577680508e+03
4.809106050097244406e+03
1.351261694068663473e+03
5.051009491492394773e+03
3.623110560807554521e+03
4.976561734216126752e+03
4.466252536065270760e+03
4.716544926904527529e+03
4.852489145163197463e+03
4.834047582376847458e+03
4.602700624641959621e+03
4.862196942758364457e+03
4.825920965237603014e+03
4.955238304150821023e+03
4.791078760811808934e+03
4.059894577752166697e+03
5.038713573436891238e+03
4.614610002372941381e+03
5.089700861759963118e+03
5.097634415620059372e+03
5.113809182146647800e+03
5.089295493713010728e+03
5.159927625214384534e+03
5.115278219414546584e+03
5.135126576498619215e+03
5.143571990742384514e+03
5.134919671595755972e+03
5.128599919895500534e+03
5.146384595435252777e+03
5.167310506985370921e+03
5.147822613279901816e+03
5.165774838154587997e+03
5.164726790955058277e+03
5.132280446948845565e+03
5.141491282987006343e+03
5.176882312304660445e+03
5.136296639616729408e+03
5.179716307888649681e+03
5.147234638860302766e+03
5.162859824748056781e+03
5.137038439749559075e+03
5.158605659130413187e+03
5.129555748113836671e+03
5.150448442445020191e+03
5.172489810424626739e+03
5.167694585811129400e+03
5.162616160441356442e+03
5.150701427346708442e+03
5.131052270832220529e+03
5.139935416186113798e+03
5.124916917878231288e+03
5.131305782134504625e+03
5.161732175585056211e+03
5.141512463061490052e+03
5.157984845596523883e+03
5.121550717824198728e+03
5.165489386693750021e+03
5.174296574482819778e+03
5.155296737702456994e+03
5.153965642517267042e+03
5.179724596568827110e+03
5.150820501256082025e+03
5.139098238535723794e+03
5.176216064074569658e+03
5.147613648363805623e+03
5.144907563044524977e+03
5.127157256519981274e+03
5.136687366508589548e+03
5.166786949931792151e+03
5.185054193248974116e+03
5.146098298108005110e+03
5.153036071607108170e+03
5.131161107668585828e+03
5.173722758846783108e+03
5.138411218434327566e+03
5.131366064695970636e+03
5.173396230148104223e+03
5.142874404156167657e+03
5.156552913059899765e+03
5.166697055966286825e+03
5.195212060194176956e+03
5.169080632199621505e+03
5.157818307409153022e+03
5.178543794704510219e+03
5.168638138647267624e+03
5.193782600400452793e+03
5.170611144665787833e+03
5.176794196876026035e+03
5.159289740402433381e+03
5.147834124808379784e+03
5.159179834140921230e+03
5.169208748757015201e+03
5.191422525392769785e+03
5.147746975292124262e+03
5.158032546238666328e+03
5.164817496859319363e+03
5.159035652492508234e+03
5.143659755048057377e+03
5.156431993524136487e+03
5.160689781449937072e+03
5.192711690862550313e+03
5.136429201372395255e+03
5.169461368846781625e+03
5.150758783782186583e+03
5.148831082433038318e+03
5.185260736022674791e+03
5.185481222976378376e+03
5.135174058276647884e+03
5.129063169928608659e+03
5.158293678953002200e+03
5.173323424624062682e+03
5.158698610072569863e+03
5.195103793600961581e+03
5.163119060681553492e+03
5.133639249573394409e+03
5.167716693663208389e+03
5.156251911011618176e+03
5.160260272155186613e+03
5.146071937023874852e+03
5.138949790014979044e+03
5.177335835682196375e+03
5.142555404262705451e+03
5.153905749376802305e+03
5.151993162582770310e+03
5.163597174509123761e+03
5.144839103029178659e+03
5.136635883493036999e+03
5.138898359977835753e+03
5.166678483502661038e+03
5.127727456833692486e+03
